{
 "cells": [
  {
   "cell_type": "markdown",
   "source": [],
   "metadata": {
    "collapsed": false
   }
  },
  {
   "cell_type": "code",
   "execution_count": 31,
   "metadata": {
    "collapsed": true
   },
   "outputs": [],
   "source": [
    "import matplotlib.pyplot as plt\n",
    "import scipy\n",
    "import numpy as np\n",
    "import core2\n",
    "from importlib import reload"
   ]
  },
  {
   "cell_type": "code",
   "execution_count": 57,
   "outputs": [],
   "source": [
    "mat = scipy.io.loadmat('icepack2.mat')\n",
    "globals().update(mat)\n",
    "prior_aicen = mat['prior_aicen']\n",
    "prior_vicen = mat['prior_vicen']\n",
    "true_aicen = mat['true_aicen']\n",
    "z_prior = mat['z_prior']\n",
    "z_posterior = mat['z_posterior']\n",
    "\n",
    "h_bnd = [0,\n",
    "         0.64450721681942580,\n",
    "         1.3914334975763036,\n",
    "         2.4701793819598885,\n",
    "         4.5672879188504911,\n",
    "         9.3338418158681744]\n",
    "h_bnd = np.array(h_bnd)"
   ],
   "metadata": {
    "collapsed": false
   }
  },
  {
   "cell_type": "code",
   "execution_count": 58,
   "outputs": [],
   "source": [
    "a_samples, v_samples = prior_aicen[:,:,1].T, prior_vicen[:,:,1].T"
   ],
   "metadata": {
    "collapsed": false
   }
  },
  {
   "cell_type": "code",
   "execution_count": 59,
   "outputs": [
    {
     "name": "stderr",
     "output_type": "stream",
     "text": [
      "/tmp/ipykernel_14980/841743095.py:1: RuntimeWarning: invalid value encountered in divide\n",
      "  v_samples / a_samples\n"
     ]
    },
    {
     "data": {
      "text/plain": "array([[       nan, 0.97467632, 1.39754768, 2.48929089, 4.59565008],\n       [       nan, 0.98239126, 1.39839562, 2.49031153, 4.59736621],\n       [0.15490887, 0.98528435, 1.44768819, 4.30342152, 4.56732488],\n       [       nan, 1.00633751, 1.92946861, 2.47829955, 4.6700834 ],\n       [       nan, 0.96285753, 1.39682608, 2.85250406,        nan],\n       [       nan, 1.05215811, 1.3987495 , 2.48475742,        nan],\n       [       nan, 0.99402617, 1.39739674, 3.78352468, 4.57376984],\n       [       nan, 1.00298448, 1.39764178, 3.88442904, 4.57372701],\n       [       nan, 0.97972074, 1.39699215, 3.46105939, 4.57271058],\n       [       nan, 1.02731383, 1.39953151, 2.48609416, 7.17309884],\n       [       nan, 1.00273038, 1.39937542, 2.4865215 , 7.72440022],\n       [       nan, 1.04029348, 1.40025447, 2.48760175, 4.64074294],\n       [0.14825427, 0.96689042, 1.50202548, 2.49023041, 4.6325787 ],\n       [0.15082377, 0.98627249, 1.50849342, 2.49240825, 4.56802255],\n       [       nan, 0.978655  , 1.3988358 , 2.48987479, 7.11859193],\n       [       nan, 1.01278909, 1.39913826, 2.48638006, 7.61728466],\n       [0.15585209, 1.02365144, 1.52682444,        nan,        nan],\n       [       nan, 1.00551622, 1.39842217, 2.48922003, 4.62475282],\n       [       nan, 0.99551971, 1.39889813, 2.49086754, 7.17045357],\n       [       nan, 0.99961506, 1.39723599, 2.96515294,        nan],\n       [0.15795473, 0.97953496, 1.44986262, 4.44276054,        nan],\n       [       nan, 1.04688963, 1.54188208,        nan,        nan],\n       [       nan, 0.99484452, 1.39733236, 3.89766119, 4.57374339],\n       [0.15546171, 0.97041607, 1.46923737, 4.39422775,        nan],\n       [       nan, 1.011389  , 1.73223822, 2.4816362 , 4.6393852 ],\n       [       nan, 0.99930998, 1.81328128, 2.47906997, 7.56673419],\n       [       nan, 0.99588621, 1.39734799, 2.94241215,        nan],\n       [       nan, 1.04887158, 1.39924041, 2.48547493, 5.5550395 ],\n       [       nan, 0.99030207, 1.3970516 , 3.41379846, 4.57141126],\n       [       nan, 1.06865445, 1.5757732 ,        nan,        nan],\n       [       nan, 1.02922208, 1.71518762, 2.48383092, 5.24642464],\n       [       nan, 0.99146614, 1.39759181, 3.87648814, 4.57327102],\n       [       nan, 0.99032021, 1.39898046, 2.48593278, 7.72350895],\n       [       nan, 0.99605831, 1.39761952, 3.87951021, 4.57386858],\n       [       nan, 1.01343123, 1.5085408 , 4.56728613, 6.99243427],\n       [       nan, 1.00844234, 1.69083952, 2.48511588, 7.34714551],\n       [0.15280576, 1.06432024, 1.45593471,        nan,        nan],\n       [       nan, 0.97200073, 1.39675381, 3.50160144, 4.57256666],\n       [       nan, 0.99203529, 1.3994181 , 2.48683054, 7.92914417],\n       [       nan, 0.98615983, 1.39715289, 3.84857112, 4.57197727],\n       [0.15141004, 0.92731128, 1.49890844, 4.56645747,        nan],\n       [0.15523602, 0.99571829, 1.55366169,        nan,        nan],\n       [       nan, 0.98166842, 1.39711243, 3.6352626 , 4.57153757],\n       [       nan, 0.98758457, 1.39810684, 2.48872504, 4.60944315],\n       [       nan, 1.0454195 , 1.46466928, 2.48270275,        nan],\n       [       nan, 1.00960348, 1.39893431, 2.49045203, 4.59440925],\n       [       nan, 1.01311905, 1.39907739, 2.48603079, 7.37085515],\n       [       nan, 1.01577769, 1.75889218, 2.4802042 , 4.67350125],\n       [0.58808243, 1.07568462, 1.5015755 , 4.56723629, 7.78384071],\n       [       nan, 0.98257126, 1.39718386, 3.54243979, 4.57218651],\n       [       nan, 0.96567723, 1.39644926, 3.30315388, 4.57180079],\n       [       nan, 1.01518294, 1.39900122, 2.48839947, 4.62666858],\n       [       nan, 0.9931748 , 1.39701864, 2.85636619,        nan],\n       [       nan, 0.98639003, 1.39839432, 2.48704425, 4.5933626 ],\n       [       nan, 0.9968831 , 1.39902655, 2.48656497, 7.43801296],\n       [       nan, 0.98926783, 1.3968824 , 2.93423679,        nan],\n       [       nan, 0.96954993, 1.92202675, 4.12404877, 6.25295039],\n       [       nan, 0.99790907, 1.39746088, 3.72815585, 4.573308  ],\n       [       nan, 1.00892344, 1.93106849, 2.47878923, 5.12924516],\n       [       nan, 0.98243938, 1.39804089, 2.48935465, 4.59581813],\n       [       nan, 1.04089352, 1.39945582, 2.48597078, 4.7031538 ],\n       [       nan, 0.9880987 , 1.39901294, 2.48621184, 7.80116329],\n       [0.1547346 , 1.00170561, 1.52673681, 3.96377082, 4.56758384],\n       [       nan, 1.00065631, 1.39746745, 3.96055147, 4.57398311],\n       [       nan, 1.0279099 , 1.39879134, 2.4854323 , 4.82542522],\n       [       nan, 0.98390888, 1.39847391, 2.4853181 , 7.79889183],\n       [       nan, 0.95322728, 1.39639496, 3.31572631, 4.57171535],\n       [       nan, 0.97051516, 1.3969423 , 2.87900274,        nan],\n       [       nan, 0.99614179, 1.70093872,        nan, 4.66421195],\n       [0.1527525 , 1.0044559 , 1.4225203 , 2.49102161, 5.17178651],\n       [       nan, 1.01323145, 1.39866476, 2.486166  , 4.65110215],\n       [       nan, 1.01168502, 1.78625225, 2.47853651, 4.66633905],\n       [       nan, 0.98968057, 1.39742922, 3.82144304, 4.5732841 ],\n       [       nan, 1.04440545, 1.39899902, 2.48633129,        nan],\n       [0.14955254, 0.95525518, 1.492863  , 4.38655046,        nan],\n       [       nan, 0.98245994, 1.82024454, 2.47912335, 7.51378165],\n       [       nan, 0.9416025 , 1.3960867 , 3.66337817, 4.57306922],\n       [0.55638576, 1.06171627, 1.74308427, 2.48131224, 4.66475804],\n       [       nan, 0.99585816, 1.39817704, 2.49023856, 4.61782863]])"
     },
     "execution_count": 59,
     "metadata": {},
     "output_type": "execute_result"
    }
   ],
   "source": [
    "v_samples / a_samples"
   ],
   "metadata": {
    "collapsed": false
   }
  },
  {
   "cell_type": "code",
   "execution_count": 78,
   "outputs": [
    {
     "data": {
      "text/plain": "<module 'core2' from '/home/oscar/grooms/core2.py'>"
     },
     "execution_count": 78,
     "metadata": {},
     "output_type": "execute_result"
    }
   ],
   "source": [
    "reload(core2)"
   ],
   "metadata": {
    "collapsed": false
   }
  },
  {
   "cell_type": "code",
   "execution_count": 79,
   "outputs": [],
   "source": [
    "se = core2.SampleEnsemble(a_samples, v_samples, h_bnd)"
   ],
   "metadata": {
    "collapsed": false
   }
  },
  {
   "cell_type": "code",
   "execution_count": 80,
   "outputs": [
    {
     "data": {
      "text/plain": "array([[0.00000000e+00, 5.47116636e-01, 9.94489050e-03, 1.69885108e-03,\n        6.04862265e-03],\n       [0.00000000e+00, 5.32578146e-01, 1.22938622e-02, 2.60436111e-03,\n        1.09564921e-02],\n       [9.63140513e-04, 3.00676837e-01, 4.09693566e-01, 1.46187145e-03,\n        2.16977578e-06],\n       [0.00000000e+00, 4.76290405e-01, 3.29712379e-02, 1.18120705e-03,\n        7.25002861e-03],\n       [0.00000000e+00, 5.68585103e-01, 7.47864580e-03, 3.15988347e-05,\n        0.00000000e+00],\n       [0.00000000e+00, 4.38383032e-01, 2.36782209e-02, 9.64895387e-03,\n        0.00000000e+00],\n       [0.00000000e+00, 5.22316217e-01, 1.21802166e-02, 1.64700761e-03,\n        4.78587162e-05],\n       [0.00000000e+00, 5.10334799e-01, 1.38649019e-02, 1.07148755e-03,\n        4.14029023e-05],\n       [0.00000000e+00, 5.44662146e-01, 9.72232144e-03, 3.25682346e-04,\n        2.64085012e-06],\n       [0.00000000e+00, 4.75005747e-01, 2.20827477e-02, 6.01086736e-04,\n        6.04167885e-04],\n       [0.00000000e+00, 4.99793098e-01, 1.71864318e-02, 1.15143613e-02,\n        3.13608491e-03],\n       [0.00000000e+00, 4.54684992e-01, 2.62655018e-02, 3.55365676e-03,\n        1.57614349e-03],\n       [1.26670649e-03, 3.24217125e-01, 3.65799654e-01, 2.63100202e-03,\n        1.53851280e-02],\n       [5.05226341e-04, 2.45228933e-01, 4.71408289e-01, 2.61088092e-03,\n        1.39977423e-02],\n       [0.00000000e+00, 5.37361726e-01, 1.24202391e-02, 1.15869311e-03,\n        5.78647439e-03],\n       [0.00000000e+00, 4.86910325e-01, 1.83408844e-02, 1.17501420e-02,\n        2.81458093e-03],\n       [3.03139712e-03, 3.41441410e-01, 2.62656491e-01, 0.00000000e+00,\n        0.00000000e+00],\n       [0.00000000e+00, 5.02525888e-01, 1.58318989e-02, 2.35903313e-03,\n        7.40655902e-03],\n       [0.00000000e+00, 5.16261240e-01, 1.52525364e-02, 7.62732454e-04,\n        3.86623151e-03],\n       [0.00000000e+00, 5.17108913e-01, 1.26183587e-02, 1.55317217e-05,\n        0.00000000e+00],\n       [2.92065719e-05, 2.90800367e-01, 4.37924530e-01, 4.60408493e-04,\n        0.00000000e+00],\n       [0.00000000e+00, 3.62855260e-01, 1.82062667e-01, 0.00000000e+00,\n        0.00000000e+00],\n       [0.00000000e+00, 5.21034114e-01, 1.21559554e-02, 1.51312279e-03,\n        6.09588586e-05],\n       [2.87774100e-05, 2.98630523e-01, 4.31677522e-01, 2.48371351e-04,\n        0.00000000e+00],\n       [0.00000000e+00, 4.60744078e-01, 5.49596967e-02, 1.46574281e-04,\n        1.22647077e-02],\n       [0.00000000e+00, 4.88657152e-01, 3.49663314e-02, 5.40952666e-04,\n        3.58517383e-03],\n       [0.00000000e+00, 5.22174885e-01, 1.23738927e-02, 5.13417562e-05,\n        0.00000000e+00],\n       [0.00000000e+00, 4.39359836e-01, 2.45186986e-02, 1.55615915e-02,\n        1.83661115e-05],\n       [0.00000000e+00, 5.30076957e-01, 1.11095922e-02, 1.23661328e-04,\n        6.12427292e-07],\n       [0.00000000e+00, 3.71215456e-01, 1.15834987e-01, 0.00000000e+00,\n        0.00000000e+00],\n       [0.00000000e+00, 4.26906150e-01, 8.22509658e-02, 3.88611841e-05,\n        9.33371313e-05],\n       [0.00000000e+00, 5.26659595e-01, 1.22445156e-02, 8.42366502e-04,\n        2.95509871e-05],\n       [0.00000000e+00, 5.17328851e-01, 1.44045742e-02, 9.27371334e-03,\n        3.81234059e-03],\n       [0.00000000e+00, 5.17678592e-01, 1.28438080e-02, 2.45871892e-03,\n        9.57114302e-05],\n       [0.00000000e+00, 4.23491440e-01, 1.34341606e-01, 9.17046650e-15,\n        5.34613730e-03],\n       [0.00000000e+00, 4.66574960e-01, 5.77926374e-02, 2.13790193e-05,\n        3.53369154e-03],\n       [4.07426762e-05, 3.18914983e-01, 2.53984058e-01, 0.00000000e+00,\n        0.00000000e+00],\n       [0.00000000e+00, 5.55424751e-01, 8.43943123e-03, 3.83600356e-04,\n        3.58803215e-06],\n       [0.00000000e+00, 5.08321000e-01, 1.52685466e-02, 2.07868860e-02,\n        3.47852569e-03],\n       [0.00000000e+00, 5.35668340e-01, 1.07895789e-02, 1.63462254e-04,\n        4.14733270e-06],\n       [2.07579524e-03, 2.39984231e-01, 5.47837244e-01, 1.63729414e-07,\n        0.00000000e+00],\n       [8.66191739e-03, 3.34206320e-01, 3.02271796e-01, 0.00000000e+00,\n        0.00000000e+00],\n       [0.00000000e+00, 5.42015212e-01, 1.01644039e-02, 1.16373074e-04,\n        1.41163540e-06],\n       [0.00000000e+00, 5.23118319e-01, 1.25074550e-02, 5.72473008e-03,\n        1.20845637e-02],\n       [0.00000000e+00, 4.50926686e-01, 2.33623281e-02, 2.31936767e-04,\n        0.00000000e+00],\n       [0.00000000e+00, 4.97709676e-01, 1.76055955e-02, 2.26154920e-03,\n        4.99101211e-03],\n       [0.00000000e+00, 4.87990397e-01, 1.83156083e-02, 9.89554636e-03,\n        2.82095976e-03],\n       [0.00000000e+00, 4.52065483e-01, 6.14269520e-02, 3.29533509e-04,\n        5.96264810e-03],\n       [2.68252264e-03, 3.34553113e-01, 1.55571400e-01, 1.64649770e-12,\n        1.01600049e-03],\n       [0.00000000e+00, 5.40649495e-01, 1.03951417e-02, 1.96711284e-04,\n        1.99763718e-06],\n       [0.00000000e+00, 5.64592312e-01, 7.29677044e-03, 3.41791468e-04,\n        9.11154623e-07],\n       [0.00000000e+00, 4.87430940e-01, 1.85446956e-02, 5.48412569e-03,\n        6.61849210e-03],\n       [0.00000000e+00, 5.26293200e-01, 1.13944315e-02, 4.11851668e-06,\n        0.00000000e+00],\n       [0.00000000e+00, 5.21221918e-01, 1.27445809e-02, 6.20695837e-03,\n        1.78052271e-02],\n       [0.00000000e+00, 5.01445013e-01, 1.53285949e-02, 2.48704118e-02,\n        3.46595853e-03],\n       [0.00000000e+00, 5.31851551e-01, 1.06696717e-02, 4.09540635e-05,\n        0.00000000e+00],\n       [0.00000000e+00, 5.21232272e-01, 2.29849656e-02, 6.20732839e-03,\n        6.10534968e-04],\n       [0.00000000e+00, 5.18461392e-01, 1.28468780e-02, 6.00311969e-04,\n        1.37563581e-05],\n       [0.00000000e+00, 4.75190632e-01, 3.10656646e-02, 1.22498843e-03,\n        6.37402785e-03],\n       [0.00000000e+00, 5.37359931e-01, 1.18453282e-02, 1.51843218e-03,\n        3.56934782e-03],\n       [0.00000000e+00, 4.54290833e-01, 2.40667454e-02, 5.59024013e-03,\n        6.86165341e-04],\n       [0.00000000e+00, 5.17411295e-01, 1.40218697e-02, 1.32972444e-02,\n        4.12741357e-03],\n       [3.42831672e-03, 3.57539412e-01, 2.60731438e-01, 2.98298114e-03,\n        6.77680088e-06],\n       [0.00000000e+00, 5.09610011e-01, 1.30854589e-02, 3.15406397e-03,\n        1.60563099e-04],\n       [0.00000000e+00, 4.61317904e-01, 1.96567898e-02, 2.99500396e-02,\n        3.36581933e-04],\n       [0.00000000e+00, 5.24291342e-01, 1.24974566e-02, 1.22536607e-02,\n        3.98705064e-03],\n       [0.00000000e+00, 5.81966113e-01, 5.87850223e-03, 3.07734012e-04,\n        8.92148648e-07],\n       [0.00000000e+00, 5.57840204e-01, 8.54479584e-03, 3.63285735e-05,\n        0.00000000e+00],\n       [0.00000000e+00, 4.60132170e-01, 8.51740281e-02, 0.00000000e+00,\n        9.09374597e-03],\n       [3.49670355e-05, 3.29717668e-01, 3.35592972e-01, 2.42050443e-03,\n        1.20720725e-02],\n       [0.00000000e+00, 4.86623805e-01, 1.73327775e-02, 1.22328427e-02,\n        7.38940237e-03],\n       [0.00000000e+00, 4.56731863e-01, 6.03365994e-02, 4.71893541e-04,\n        4.02243040e-03],\n       [0.00000000e+00, 5.29437990e-01, 1.17106088e-02, 8.12600973e-04,\n        2.43835818e-05],\n       [0.00000000e+00, 4.43936656e-01, 2.29869294e-02, 1.98357935e-02,\n        0.00000000e+00],\n       [3.61875900e-03, 2.71040280e-01, 4.69005339e-01, 9.79619616e-04,\n        0.00000000e+00],\n       [0.00000000e+00, 5.13523910e-01, 2.74826275e-02, 4.74158934e-04,\n        5.48405561e-03],\n       [0.00000000e+00, 5.97303339e-01, 4.34988621e-03, 8.92199483e-04,\n        1.60955738e-05],\n       [9.21195249e-03, 3.69218993e-01, 5.68011345e-02, 3.42065219e-04,\n        1.00077366e-02],\n       [0.00000000e+00, 5.19548691e-01, 1.40136324e-02, 8.61277849e-04,\n        2.38917787e-03]])"
     },
     "execution_count": 80,
     "metadata": {},
     "output_type": "execute_result"
    }
   ],
   "source": [
    "se.l\n"
   ],
   "metadata": {
    "collapsed": false
   }
  },
  {
   "cell_type": "code",
   "execution_count": 82,
   "outputs": [
    {
     "data": {
      "text/plain": "array([[1.63821209e-03, 0.00000000e+00, 5.47116636e-01, 9.94489050e-03,\n        1.69885108e-03, 6.04862265e-03, 0.00000000e+00, 4.33444270e-01,\n        5.66875187e-05, 1.56244732e-05, 3.62062136e-05],\n       [1.46318893e-03, 0.00000000e+00, 5.32578146e-01, 1.22938622e-02,\n        2.60436111e-03, 1.09564921e-02, 0.00000000e+00, 4.39929269e-01,\n        7.98588136e-05, 2.52440937e-05, 6.95775980e-05],\n       [1.91973643e-03, 9.63140513e-04, 3.00676837e-01, 4.09693566e-01,\n        1.46187145e-03, 2.16977578e-06, 3.04737576e-04, 2.52281193e-01,\n        2.25402289e-02, 1.01565199e-02, 1.68235949e-11],\n       [1.81948132e-03, 0.00000000e+00, 4.76290405e-01, 3.29712379e-02,\n        1.18120705e-03, 7.25002861e-03, 0.00000000e+00, 4.47515165e-01,\n        3.28080827e-02, 4.59150480e-06, 1.59800334e-04],\n       [1.50960566e-03, 0.00000000e+00, 5.68585103e-01, 7.47864580e-03,\n        3.15988347e-05, 0.00000000e+00, 0.00000000e+00, 4.22350428e-01,\n        3.75730703e-05, 7.04521120e-06, 0.00000000e+00],\n       [1.32847542e-03, 0.00000000e+00, 4.38383032e-01, 2.36782209e-02,\n        9.64895387e-03, 0.00000000e+00, 0.00000000e+00, 5.26732092e-01,\n        1.61681061e-04, 6.75441624e-05, 0.00000000e+00],\n       [1.60499012e-03, 0.00000000e+00, 5.22316217e-01, 1.21802166e-02,\n        1.64700761e-03, 4.78587162e-05, 0.00000000e+00, 4.59376062e-01,\n        6.77057812e-05, 2.75987644e-03, 6.51705270e-08],\n       [1.42933101e-03, 0.00000000e+00, 5.10334799e-01, 1.38649019e-02,\n        1.07148755e-03, 4.14029023e-05, 0.00000000e+00, 4.70958638e-01,\n        8.02557169e-05, 2.21912748e-03, 5.60064113e-08],\n       [1.48517747e-03, 0.00000000e+00, 5.44662146e-01, 9.72232144e-03,\n        3.25682346e-04, 2.64085012e-06, 0.00000000e+00, 4.43459949e-01,\n        5.03574426e-05, 2.91722839e-04, 3.00777761e-09],\n       [1.42254397e-03, 0.00000000e+00, 4.75005747e-01, 2.20827477e-02,\n        6.01086736e-04, 6.04167885e-04, 0.00000000e+00, 4.99383470e-01,\n        1.67026375e-04, 4.59647863e-06, 7.28613856e-04],\n       [1.39823140e-03, 0.00000000e+00, 4.99793098e-01, 1.71864318e-02,\n        1.15143613e-02, 3.13608491e-03, 0.00000000e+00, 4.60602087e-01,\n        1.27468024e-04, 9.04325422e-05, 6.15180586e-03],\n       [1.15209138e-03, 0.00000000e+00, 4.54684992e-01, 2.62655018e-02,\n        3.55365676e-03, 1.57614349e-03, 0.00000000e+00, 5.12496629e-01,\n        2.16545246e-04, 2.97704115e-05, 2.46693413e-05],\n       [2.09851593e-03, 1.26670649e-03, 3.24217125e-01, 3.65799654e-01,\n        2.63100202e-03, 1.53851280e-02, 3.78425243e-04, 2.46199173e-01,\n        4.17852044e-02, 2.53985746e-05, 2.13667470e-04],\n       [1.82507266e-03, 5.05226341e-04, 2.45228933e-01, 4.71408289e-01,\n        2.61088092e-03, 1.39977423e-02, 1.54350208e-04, 2.06857841e-01,\n        5.73815350e-02, 2.79712255e-05, 2.15770599e-06],\n       [1.51279605e-03, 0.00000000e+00, 5.37361726e-01, 1.24202391e-02,\n        1.15869311e-03, 5.78647439e-03, 0.00000000e+00, 4.34998986e-01,\n        8.58159193e-05, 1.09852660e-05, 6.66428441e-03],\n       [1.37485238e-03, 0.00000000e+00, 4.86910325e-01, 1.83408844e-02,\n        1.17501420e-02, 2.81458093e-03, 0.00000000e+00, 4.73584819e-01,\n        1.31939078e-04, 9.14794454e-05, 5.00097688e-03],\n       [2.21741609e-03, 3.03139712e-03, 3.41441410e-01, 2.62656491e-01,\n        0.00000000e+00, 0.00000000e+00, 9.66836449e-04, 3.51989809e-01,\n        3.76966396e-02, 0.00000000e+00, 0.00000000e+00],\n       [1.57004832e-03, 0.00000000e+00, 5.02525888e-01, 1.58318989e-02,\n        2.35903313e-03, 7.40655902e-03, 0.00000000e+00, 4.70091339e-01,\n        1.03236007e-04, 2.16150422e-05, 9.03820695e-05],\n       [1.38008238e-03, 0.00000000e+00, 5.16261240e-01, 1.52525364e-02,\n        7.62732454e-04, 3.86623151e-03, 0.00000000e+00, 4.57711133e-01,\n        1.06278907e-04, 7.59939111e-06, 4.65216591e-03],\n       [1.52466020e-03, 0.00000000e+00, 5.17108913e-01, 1.26183587e-02,\n        1.55317217e-05, 0.00000000e+00, 0.00000000e+00, 4.68659498e-01,\n        6.82402566e-05, 4.79846685e-06, 0.00000000e+00],\n       [1.87525809e-03, 2.92065719e-05, 2.90800367e-01, 4.37924530e-01,\n        4.60408493e-04, 0.00000000e+00, 9.48164151e-06, 2.36529585e-01,\n        2.50780429e-02, 7.29311991e-03, 0.00000000e+00],\n       [1.80755744e-03, 0.00000000e+00, 3.62855260e-01, 1.82062667e-01,\n        0.00000000e+00, 0.00000000e+00, 0.00000000e+00, 4.23767729e-01,\n        2.95067874e-02, 0.00000000e+00, 0.00000000e+00],\n       [1.67412848e-03, 0.00000000e+00, 5.21034114e-01, 1.21559554e-02,\n        1.51312279e-03, 6.09588586e-05, 0.00000000e+00, 4.60269189e-01,\n        6.68373909e-05, 3.22561089e-03, 8.26702275e-08],\n       [1.92037819e-03, 2.87774100e-05, 2.98630523e-01, 4.31677522e-01,\n        2.48371351e-04, 0.00000000e+00, 9.14799391e-06, 2.31169363e-01,\n        3.35545744e-02, 2.76134306e-03, 0.00000000e+00],\n       [1.52727180e-03, 0.00000000e+00, 4.60744078e-01, 5.49596967e-02,\n        1.46574281e-04, 1.22647077e-02, 0.00000000e+00, 4.44786368e-01,\n        2.53821374e-02, 8.05155913e-07, 1.88360905e-04],\n       [1.55926808e-03, 0.00000000e+00, 4.88657152e-01, 3.49663314e-02,\n        5.40952666e-04, 3.58517383e-03, 0.00000000e+00, 4.42148701e-01,\n        2.24547296e-02, 2.30310519e-06, 6.08538844e-03],\n       [1.44985213e-03, 0.00000000e+00, 5.22174885e-01, 1.23738927e-02,\n        5.13417562e-05, 0.00000000e+00, 0.00000000e+00, 4.63866890e-01,\n        6.82169642e-05, 1.49213006e-05, 0.00000000e+00],\n       [1.61780758e-03, 0.00000000e+00, 4.39359836e-01, 2.45186986e-02,\n        1.55615915e-02, 1.83661115e-05, 0.00000000e+00, 5.18625829e-01,\n        1.78735917e-04, 1.14334521e-04, 4.80076868e-06],\n       [1.57766007e-03, 0.00000000e+00, 5.30076957e-01, 1.11095922e-02,\n        1.23661328e-04, 6.12427292e-07, 0.00000000e+00, 4.56952193e-01,\n        5.81616245e-05, 1.01161902e-04, 5.30243497e-10],\n       [1.28061115e-03, 0.00000000e+00, 3.71215456e-01, 1.15834987e-01,\n        0.00000000e+00, 0.00000000e+00, 0.00000000e+00, 4.87795020e-01,\n        2.38739255e-02, 0.00000000e+00, 0.00000000e+00],\n       [1.99526841e-03, 0.00000000e+00, 4.26906150e-01, 8.22509658e-02,\n        3.88611841e-05, 9.33371313e-05, 0.00000000e+00, 4.53428954e-01,\n        3.52707011e-02, 2.54632095e-07, 1.55082466e-05],\n       [1.57838302e-03, 0.00000000e+00, 5.26659595e-01, 1.22445156e-02,\n        8.42366502e-04, 2.95509871e-05, 0.00000000e+00, 4.56860386e-01,\n        7.03024705e-05, 1.71486359e-03, 3.71397864e-08],\n       [1.53046691e-03, 0.00000000e+00, 5.17328851e-01, 1.44045742e-02,\n        9.27371334e-03, 3.81234059e-03, 0.00000000e+00, 4.46006265e-01,\n        1.01485110e-04, 7.01910368e-05, 7.47211327e-03],\n       [1.51262083e-03, 0.00000000e+00, 5.17678592e-01, 1.28438080e-02,\n        2.45871892e-03, 9.57114302e-05, 0.00000000e+00, 4.60298159e-01,\n        7.40770812e-05, 5.03818063e-03, 1.32321017e-07],\n       [1.60278460e-03, 0.00000000e+00, 4.23491440e-01, 1.34341606e-01,\n        9.17046650e-15, 5.34613730e-03, 0.00000000e+00, 4.13320708e-01,\n        1.63599751e-02, 1.07272901e-08, 5.53733815e-03],\n       [1.56983601e-03, 0.00000000e+00, 4.66574960e-01, 5.77926374e-02,\n        2.13790193e-05, 3.53369154e-03, 0.00000000e+00, 4.43360155e-01,\n        2.22027183e-02, 1.53362783e-07, 4.94446947e-03],\n       [1.60390347e-03, 4.07426762e-05, 3.18914983e-01, 2.53984058e-01,\n        0.00000000e+00, 0.00000000e+00, 1.26615762e-05, 4.09291453e-01,\n        1.61521983e-02, 0.00000000e+00, 0.00000000e+00],\n       [1.65934868e-03, 0.00000000e+00, 5.55424751e-01, 8.43943123e-03,\n        3.83600356e-04, 3.58803215e-06, 0.00000000e+00, 4.33676181e-01,\n        4.18290473e-05, 3.71266672e-04, 3.97798428e-09],\n       [1.23469376e-03, 0.00000000e+00, 5.08321000e-01, 1.52685466e-02,\n        2.07868860e-02, 3.47852569e-03, 0.00000000e+00, 4.42304982e-01,\n        1.13856577e-04, 1.66369993e-04, 8.32513912e-03],\n       [1.42592307e-03, 0.00000000e+00, 5.35668340e-01, 1.07895789e-02,\n        1.63462254e-04, 4.14733270e-06, 0.00000000e+00, 4.51577538e-01,\n        5.75100989e-05, 3.13496247e-04, 4.08418015e-09],\n       [2.20169894e-03, 2.07579524e-03, 2.39984231e-01, 5.47837244e-01,\n        1.63729414e-07, 0.00000000e+00, 6.37392073e-04, 1.46229836e-01,\n        6.06203439e-02, 4.13295984e-04, 0.00000000e+00],\n       [1.98831190e-03, 8.66191739e-03, 3.34206320e-01, 3.02271796e-01,\n        0.00000000e+00, 0.00000000e+00, 2.74825418e-03, 2.96619790e-01,\n        5.35036105e-02, 0.00000000e+00, 0.00000000e+00],\n       [1.52462827e-03, 0.00000000e+00, 5.42015212e-01, 1.01644039e-02,\n        1.16373074e-04, 1.41163540e-06, 0.00000000e+00, 4.45978705e-01,\n        5.37925391e-05, 1.45472781e-04, 1.25967546e-09],\n       [1.92920123e-03, 0.00000000e+00, 5.23118319e-01, 1.25074550e-02,\n        5.72473008e-03, 1.20845637e-02, 0.00000000e+00, 4.44398969e-01,\n        7.78552810e-05, 5.10780216e-05, 1.07829091e-04],\n       [1.30574072e-03, 0.00000000e+00, 4.50926686e-01, 2.33623281e-02,\n        2.31936767e-04, 0.00000000e+00, 0.00000000e+00, 5.22470333e-01,\n        1.70158253e-03, 1.39338516e-06, 0.00000000e+00],\n       [1.36078766e-03, 0.00000000e+00, 4.97709676e-01, 1.76055955e-02,\n        2.26154920e-03, 4.99101211e-03, 0.00000000e+00, 4.75897469e-01,\n        1.23273555e-04, 2.20756884e-05, 2.85609963e-05],\n       [1.26754883e-03, 0.00000000e+00, 4.87990397e-01, 1.83156083e-02,\n        9.89554636e-03, 2.82095976e-03, 0.00000000e+00, 4.75474926e-01,\n        1.30708817e-04, 7.53671153e-05, 4.02893739e-03],\n       [1.55593172e-03, 0.00000000e+00, 4.52065483e-01, 6.14269520e-02,\n        3.29533509e-04, 5.96264810e-03, 0.00000000e+00, 4.46788145e-01,\n        3.17338300e-02, 1.58283739e-06, 1.35894087e-04],\n       [1.56386860e-03, 2.68252264e-03, 3.34553113e-01, 1.55571400e-01,\n        1.64649770e-12, 1.01600049e-03, 2.79583614e-02, 4.56855914e-01,\n        1.76903547e-02, 6.68710795e-08, 2.10839798e-03],\n       [1.46399631e-03, 0.00000000e+00, 5.40649495e-01, 1.03951417e-02,\n        1.96711284e-04, 1.99763718e-06, 0.00000000e+00, 4.47031135e-01,\n        5.57092966e-05, 2.05811685e-04, 2.05508535e-09],\n       [1.60768162e-03, 0.00000000e+00, 5.64592312e-01, 7.29677044e-03,\n        3.41791468e-04, 9.11154623e-07, 0.00000000e+00, 4.25901230e-01,\n        3.40857206e-05, 2.25216290e-04, 8.63478975e-10],\n       [1.45041720e-03, 0.00000000e+00, 4.87430940e-01, 1.85446956e-02,\n        5.48412569e-03, 6.61849210e-03, 0.00000000e+00, 4.80208757e-01,\n        1.31015727e-04, 4.80647373e-05, 8.34918118e-05],\n       [1.48876221e-03, 0.00000000e+00, 5.26293200e-01, 1.13944315e-02,\n        4.11851668e-06, 0.00000000e+00, 0.00000000e+00, 4.60759257e-01,\n        5.93010468e-05, 9.29625707e-07, 0.00000000e+00],\n       [1.84537849e-03, 0.00000000e+00, 5.21221918e-01, 1.27445809e-02,\n        6.20695837e-03, 1.78052271e-02, 0.00000000e+00, 4.39944909e-01,\n        8.27710669e-05, 5.03208140e-05, 9.79364132e-05],\n       [1.49299354e-03, 0.00000000e+00, 5.01445013e-01, 1.53285949e-02,\n        2.48704118e-02, 3.46595853e-03, 0.00000000e+00, 4.47844250e-01,\n        1.08659384e-04, 1.95853195e-04, 5.24826591e-03],\n       [1.43686026e-03, 0.00000000e+00, 5.31851551e-01, 1.06696717e-02,\n        4.09540635e-05, 0.00000000e+00, 0.00000000e+00, 4.55935158e-01,\n        5.41676610e-05, 1.16377473e-05, 0.00000000e+00],\n       [1.63411268e-03, 0.00000000e+00, 5.21232272e-01, 2.29849656e-02,\n        6.20732839e-03, 6.10534968e-04, 0.00000000e+00, 4.01586510e-01,\n        2.22486710e-02, 2.31615604e-02, 3.34044840e-04],\n       [1.50489336e-03, 0.00000000e+00, 5.18461392e-01, 1.28468780e-02,\n        6.00311969e-04, 1.37563581e-05, 0.00000000e+00, 4.65600615e-01,\n        7.21839885e-05, 8.99951702e-04, 1.73960292e-08],\n       [1.47913406e-03, 0.00000000e+00, 4.75190632e-01, 3.10656646e-02,\n        1.22498843e-03, 6.37402785e-03, 0.00000000e+00, 4.52712729e-01,\n        3.10958658e-02, 5.05001979e-06, 8.51908378e-04],\n       [1.60378665e-03, 0.00000000e+00, 5.37359931e-01, 1.18453282e-02,\n        1.51843218e-03, 3.56934782e-03, 0.00000000e+00, 4.43994669e-01,\n        7.30006297e-05, 1.40121637e-05, 2.14929785e-05],\n       [1.41666097e-03, 0.00000000e+00, 4.54290833e-01, 2.40667454e-02,\n        5.59024013e-03, 6.86165341e-04, 0.00000000e+00, 5.13706490e-01,\n        1.80318506e-04, 4.24143500e-05, 2.01323120e-05],\n       [1.46128995e-03, 0.00000000e+00, 5.17411295e-01, 1.40218697e-02,\n        1.32972444e-02, 4.12741357e-03, 0.00000000e+00, 4.40770592e-01,\n        9.92170008e-05, 1.02440981e-04, 8.70863711e-03],\n       [1.75637780e-03, 3.42831672e-03, 3.57539412e-01, 2.60731438e-01,\n        2.98298114e-03, 6.77680088e-06, 1.08311327e-03, 3.27696607e-01,\n        3.73926592e-02, 7.38231786e-03, 4.20746547e-10],\n       [1.71678233e-03, 0.00000000e+00, 5.09610011e-01, 1.30854589e-02,\n        3.15406397e-03, 1.60563099e-04, 0.00000000e+00, 4.64451727e-01,\n        7.36050112e-05, 7.74756302e-03, 2.25847295e-07],\n       [1.82016001e-03, 0.00000000e+00, 4.61317904e-01, 1.96567898e-02,\n        2.99500396e-02, 3.36581933e-04, 0.00000000e+00, 4.86544826e-01,\n        1.34994638e-04, 2.19431901e-04, 1.92715891e-05],\n       [1.75581869e-03, 0.00000000e+00, 5.24291342e-01, 1.24974566e-02,\n        1.22536607e-02, 3.98705064e-03, 0.00000000e+00, 4.36649342e-01,\n        8.21002135e-05, 8.91005935e-05, 8.39412915e-03],\n       [1.61153401e-03, 0.00000000e+00, 5.81966113e-01, 5.87850223e-03,\n        3.07734012e-04, 8.92148648e-07, 0.00000000e+00, 4.10000159e-01,\n        2.71618701e-05, 2.07903108e-04, 8.29446756e-10],\n       [1.46991784e-03, 0.00000000e+00, 5.57840204e-01, 8.54479584e-03,\n        3.63285735e-05, 0.00000000e+00, 0.00000000e+00, 4.32056098e-01,\n        4.38594209e-05, 8.79707394e-06, 0.00000000e+00],\n       [1.82753024e-03, 0.00000000e+00, 4.60132170e-01, 8.51740281e-02,\n        0.00000000e+00, 9.09374597e-03, 0.00000000e+00, 4.09313866e-01,\n        3.42699080e-02, 0.00000000e+00, 1.88752123e-04],\n       [1.72723534e-03, 3.49670355e-05, 3.29717668e-01, 3.35592972e-01,\n        2.42050443e-03, 1.20720725e-02, 1.08617204e-05, 3.06688141e-01,\n        9.95792833e-03, 2.42977980e-05, 1.75335268e-03],\n       [1.64906089e-03, 0.00000000e+00, 4.86623805e-01, 1.73327775e-02,\n        1.22328427e-02, 7.38940237e-03, 0.00000000e+00, 4.74428910e-01,\n        1.16972672e-04, 9.39693995e-05, 1.32259558e-04],\n       [1.90589005e-03, 0.00000000e+00, 4.56731863e-01, 6.03365994e-02,\n        4.71893541e-04, 4.02243040e-03, 0.00000000e+00, 4.41612847e-01,\n        3.48312266e-02, 1.88805305e-06, 8.53617697e-05],\n       [1.60043232e-03, 0.00000000e+00, 5.29437990e-01, 1.17106088e-02,\n        8.12600973e-04, 2.43835818e-05, 0.00000000e+00, 4.54876294e-01,\n        6.54519392e-05, 1.47220715e-03, 3.07124447e-08],\n       [1.35332509e-03, 0.00000000e+00, 4.43936656e-01, 2.29869294e-02,\n        1.98357935e-02, 0.00000000e+00, 0.00000000e+00, 5.11570984e-01,\n        1.62351893e-04, 1.53960892e-04, 0.00000000e+00],\n       [2.10238005e-03, 3.61875900e-03, 2.71040280e-01, 4.69005339e-01,\n        9.79619616e-04, 0.00000000e+00, 1.09342254e-03, 1.93098122e-01,\n        4.86751077e-02, 1.03869706e-02, 0.00000000e+00],\n       [1.67548282e-03, 0.00000000e+00, 5.13523910e-01, 2.74826275e-02,\n        4.74158934e-04, 5.48405561e-03, 0.00000000e+00, 4.24347239e-01,\n        1.81323624e-02, 2.03090413e-06, 8.87813256e-03],\n       [1.74704900e-03, 0.00000000e+00, 5.97303339e-01, 4.34988621e-03,\n        8.92199483e-04, 1.60955738e-05, 0.00000000e+00, 3.94494826e-01,\n        1.88446340e-05, 1.17774074e-03, 1.95458667e-08],\n       [1.38052571e-03, 9.21195249e-03, 3.69218993e-01, 5.68011345e-02,\n        3.42065219e-04, 1.00077366e-02, 5.81629005e-02, 4.67192765e-01,\n        2.74711830e-02, 1.82560383e-06, 2.08917927e-04],\n       [1.60077165e-03, 0.00000000e+00, 5.19548691e-01, 1.40136324e-02,\n        8.61277849e-04, 2.38917787e-03, 0.00000000e+00, 4.61464373e-01,\n        8.81542109e-05, 8.31782354e-06, 2.56044137e-05]])"
     },
     "execution_count": 82,
     "metadata": {},
     "output_type": "execute_result"
    }
   ],
   "source": [
    "se.x"
   ],
   "metadata": {
    "collapsed": false
   }
  },
  {
   "cell_type": "markdown",
   "source": [],
   "metadata": {
    "collapsed": false
   }
  },
  {
   "cell_type": "code",
   "execution_count": 84,
   "outputs": [
    {
     "data": {
